0
4
15
25
36
47
48
59
0
4
15
25
36
48
55
59
0
4
15
25
36
48
59
63
0
4
15
25
37
48
59
63
0
4
15
25
38
48
59
63
0
4
15
25
38
51
56
63
0
4
15
26
37
48
59
63
0
4
15
26
38
48
59
63
0
4
15
26
38
51
56
63
0
4
15
27
32
38
57
61
0
4
15
27
32
38
57
63
0
4
15
27
32
38
58
63
0
4
15
27
32
38
59
63
0
4
15
27
32
47
52
57
0
4
15
27
32
52
57
63
0
4
15
27
38
40
59
63
0
4
15
27
38
48
59
63
0
4
23
25
36
48
55
59
0
4
23
25
36
48
59
63
0
4
23
27
32
52
57
63
0
4
25
31
36
48
59
63
0
4
27
31
32
52
57
63
0
5
25
31
36
48
59
63
0
5
27
31
32
52
57
63
0
6
11
31
32
36
57
61
0
6
11
31
32
36
57
62
0
6
11
31
32
36
57
63
0
6
11
31
32
36
58
62
0
6
11
31
32
36
58
63
0
6
11
31
32
36
59
63
0
6
11
31
32
44
57
63
0
6
11
31
32
52
57
63
0
6
11
31
33
44
56
63
0
6
11
31
33
52
56
63
0
6
11
31
36
40
59
63
0
6
11
31
36
48
59
63
0
6
19
31
32
44
57
63
0
6
19
31
32
52
57
63
0
6
25
31
36
48
59
63
0
6
27
31
32
52
57
63
0
7
11
30
32
52
57
63
0
7
11
30
33
52
56
63
0
7
11
30
33
55
56
60
0
7
11
30
34
55
56
60
0
7
12
25
37
48
59
63
0
7
12
25
38
48
59
63
0
7
12
25
38
51
56
63
0
7
12
25
39
51
56
62
0
7
19
30
32
52
57
63
0
7
20
25
39
51
56
62
1
5
24
28
39
51
56
62
1
5
24
30
35
55
56
60
1
5
27
31
32
52
57
63
1
6
24
28
39
51
56
62
1
6
27
31
32
52
57
63
1
7
12
24
35
39
56
60
1
7
12
24
35
39
56
61
1
7
12
24
35
39
56
62
1
7
12
24
35
39
57
61
1
7
12
24
35
39
57
62
1
7
12
24
35
39
58
62
1
7
12
24
35
47
56
60
1
7
12
24
35
55
56
60
1
7
12
24
38
43
56
63
1
7
12
24
38
51
56
63
1
7
12
24
39
43
56
62
1
7
12
24
39
51
56
62
1
7
20
24
39
43
56
62
1
7
20
24
39
51
56
62
1
7
24
28
39
51
56
62
1
7
24
30
35
55
56
60
1
12
23
24
35
55
56
60
2
6
24
28
39
51
56
62
2
6
25
31
36
48
59
63
2
6
27
31
32
52
57
63
2
7
24
28
39
51
56
62
2
7
24
30
35
55
56
60
3
7
8
28
33
39
56
60
3
7
8
28
33
39
56
61
3
7
8
28
33
39
56
62
3
7
8
28
33
39
58
62
3
7
8
28
33
47
56
60
3
7
8
28
33
55
56
60
3
7
8
28
39
40
51
62
3
7
8
28
39
51
56
62
3
7
8
29
33
52
56
63
3
7
8
29
33
55
56
60
3
7
8
29
34
55
56
60
3
7
8
30
33
52
56
63
3
7
8
30
33
55
56
60
3
7
8
30
34
55
56
60
3
7
8
30
35
40
55
60
3
7
8
30
35
48
55
60
3
7
8
30
35
55
56
60
3
7
16
28
39
51
56
62
3
7
16
30
35
48
55
60
3
7
16
30
35
55
56
60
3
7
24
28
39
51
56
62
3
7
24
30
35
55
56
60
3
8
15
28
33
47
56
60
3
8
15
28
33
55
56
60
3
8
23
28
33
55
56
60
4
8
15
27
38
40
59
63
4
8
15
27
38
48
59
63
4
15
16
27
38
48
59
63
6
11
16
31
36
48
59
63
