0
3
11
14
20
0
3
11
14
22
0
3
11
14
23
0
3
11
18
20
0
3
11
19
20
0
3
11
19
22
0
3
11
20
23
0
3
11
20
24
0
3
12
15
19
0
3
12
15
23
0
3
12
15
24
0
3
12
19
20
0
3
12
19
21
0
3
12
20
23
0
3
12
20
24
0
3
12
21
24
0
3
14
15
22
0
3
14
15
23
0
3
14
16
23
0
3
14
17
20
0
3
14
20
23
0
3
15
19
22
0
3
17
20
24
0
4
7
15
18
0
4
7
15
19
0
4
7
15
22
0
4
7
15
23
0
4
7
15
24
0
4
7
16
19
0
4
7
16
23
0
4
7
16
24
0
4
7
18
20
0
4
7
18
21
0
4
7
19
20
0
4
7
19
21
0
4
7
19
22
0
4
7
20
23
0
4
7
20
24
0
4
7
21
24
0
4
11
18
20
0
4
11
19
20
0
4
11
19
22
0
4
11
20
23
0
4
11
20
24
0
4
12
15
19
0
4
12
15
23
0
4
12
15
24
0
4
12
19
20
0
4
12
19
21
0
4
12
20
23
0
4
12
20
24
0
4
12
21
24
0
4
13
15
22
0
4
13
15
24
0
4
13
16
24
0
4
13
20
24
0
4
13
21
24
0
4
15
19
22
0
4
17
20
24
0
7
14
15
22
0
7
14
15
23
0
7
14
16
23
0
7
14
20
23
0
7
15
19
22
0
8
11
19
20
0
8
11
19
22
0
8
11
20
23
0
8
11
20
24
0
8
15
19
22
0
8
17
20
24
0
9
11
18
20
0
9
11
20
23
0
9
11
20
24
0
9
12
15
23
0
9
12
15
24
0
9
12
20
23
0
9
12
20
24
0
9
12
21
24
0
9
17
20
24
0
11
14
20
23
1
4
10
13
21
1
4
10
13
22
1
4
10
13
24
1
4
10
17
24
1
4
10
18
21
1
4
10
19
21
1
4
10
19
22
1
4
10
21
24
1
4
12
15
19
1
4
12
15
23
1
4
12
15
24
1
4
12
19
20
1
4
12
19
21
1
4
12
20
23
1
4
12
20
24
1
4
12
21
24
1
4
13
15
22
1
4
13
15
24
1
4
13
16
24
1
4
13
20
24
1
4
13
21
24
1
4
15
19
22
1
4
17
20
24
1
8
10
17
24
1
8
10
19
21
1
8
10
19
22
1
8
10
21
24
1
8
15
19
22
1
8
17
20
24
1
9
10
17
24
1
9
10
18
21
1
9
10
21
24
1
9
12
15
23
1
9
12
15
24
1
9
12
20
23
1
9
12
20
24
1
9
12
21
24
1
9
17
20
24
1
10
13
21
24
2
5
9
16
23
2
5
9
16
24
2
5
9
17
20
2
5
9
17
24
2
5
9
18
20
2
5
9
18
21
2
5
9
20
23
2
5
9
20
24
2
5
9
21
24
2
5
13
16
24
2
5
13
20
24
2
5
13
21
24
2
5
14
16
23
2
5
14
17
20
2
5
14
20
23
2
5
17
20
24
2
9
10
17
24
2
9
10
18
21
2
9
10
21
24
2
9
11
18
20
2
9
11
20
23
2
9
11
20
24
2
9
17
20
24
2
10
13
21
24
2
11
14
20
23
3
5
12
19
20
3
5
12
19
21
3
5
12
20
23
3
5
12
20
24
3
5
12
21
24
3
5
14
16
23
3
5
14
17
20
3
5
14
20
23
3
5
17
20
24
3
6
14
15
22
3
6
14
15
23
3
6
14
17
20
3
6
14
20
23
3
6
15
19
22
3
6
17
20
24
3
11
14
20
23
4
5
12
19
20
4
5
12
19
21
4
5
12
20
23
4
5
12
20
24
4
5
12
21
24
4
5
13
16
24
4
5
13
20
24
4
5
13
21
24
4
5
17
20
24
4
6
13
15
22
4
6
13
15
24
4
6
13
20
24
4
6
13
21
24
4
6
15
19
22
4
6
17
20
24
4
7
10
18
21
4
7
10
19
21
4
7
10
19
22
4
7
10
21
24
4
7
15
19
22
4
10
13
21
24
5
8
17
20
24
5
9
12
20
23
5
9
12
20
24
5
9
12
21
24
5
9
17
20
24
6
9
17
20
24
